{"producer":{"name":"Blender","version":"2.80 (sub 53)","exporter_version":"6.0-beta 9","file":"giantman.babylon"},
"autoClear":true,"clearColor":[0.0509,0.0509,0.0509],"gravity":[0,-9.81,0],
"materials":[{"name":"GiantToki.Material","id":"GiantToki.Material","customType":"BABYLON.StandardMaterial","backFaceCulling":true,"checkReadyOnlyOnce":false,"maxSimultaneousLights":4,"specular":[0.5,0.5,0.5],"specularPower":64,"alpha":1,"indexOfRefraction":1.45, 
"diffuseTexture":{"name":"default_transparent.png","level":1,"hasAlpha":true,"coordinatesMode":0,"uOffset":0,"vOffset":0,"uScale":1,"vScale":1,"uAng":0,"vAng":0,"wAng":0,"wrapU":1,"wrapV":1,"coordinatesIndex":0}}], 
"multiMaterials":[],
"skeletons":[{"name":"Arma","id":0,"dimensionsAtRest":[1.6719,1.708,0.7601],"bones":[
{"name":"Bone","index":0,"matrix":[-1,0,0,0,0,0,-1,0,0,1,0,0,0,0.0026,0.0002,1],"rest":[-1,0,0,0,0,0,-1,0,0,1,0,0,0,0.0026,0.0002,1],"parentBoneIndex":-1,"length":0.5874
,"animation":{"dataType":3,"framePerSecond":24,"keys":[
{"frame":1,"values":[-1,0,0,0,0,0,-1,0,0,1,0,0,0,0.0026,0.0002,1]},
{"frame":60,"values":[-1,0,0,0,0,0,-1,0,0,1,0,0,0,0.0026,0.0002,1]},
{"frame":71,"values":[-1,0,0,0,0,0,-1,0,0,1,0,0,0,0.0026,0.0002,1]},
{"frame":100,"values":[-1,0,0,0,0,0,-1,0,0,1,0,0,0,0.0026,0.0002,1]},
{"frame":111,"values":[-1,0,0,0,0,0,-1,0,0,1,0,0,0,0.0026,0.0002,1]},
{"frame":170,"values":[-1,0,0,0,0,0,-1,0,0,1,0,0,0,0.0026,0.0002,1]},
{"frame":181,"values":[-1,0,0,0,0,0,-1,0,0,1,0,0,0,0.0026,0.0002,1]},
{"frame":240,"values":[-1,0,0,0,0,0,-1,0,0,1,0,0,0,0.0026,0.0002,1]},
{"frame":251,"values":[-1,0,0,0,0,0,-1,0,0,1,0,0,0,0.0026,0.0002,1]},
{"frame":310,"values":[-1,0,0,0,0,0,-1,0,0,1,0,0,0,0.0026,0.0002,1]},
{"frame":321,"values":[-1,0,0,0,0,0,-1,0,0,1,0,0,0,0.0026,0.0002,1]},
{"frame":335,"values":[-1,0,0,0,0,0,-1,0,0,1,0,0,0,0.0026,0.0002,1]},
{"frame":341,"values":[-1,0,0,0,0,0,-1,0,0,1,0,0,0,0.0026,0.0002,1]},
{"frame":342,"values":[-1,0,0,0,0,0,-1,0,0,1,0,0,0,0.0026,0.0002,1]},
{"frame":351,"values":[-1,0,0,0,0,0,-1,0,0,1,0,0,0,0.0026,0.0002,1]},
{"frame":410,"values":[-1,0,0,0,0,0,-1,0,0,1,0,0,0,0.0026,0.0002,1]},
{"frame":421,"values":[-1,0,0,0,0,0,-1,0,0,1,0,0,0,0.0026,0.0002,1]},
{"frame":450,"values":[-1,0,0,0,0,0,-1,0,0,1,0,0,0,0.0026,0.0002,1]},
{"frame":461,"values":[-1,0,0,0,0,0,-1,0,0,1,0,0,0,0.0026,0.0002,1]},
{"frame":520,"values":[-1,0,0,0,0,0,-1,0,0,1,0,0,0,0.0026,0.0002,1]},
{"frame":531,"values":[-1,0,0,0,0,0,-1,0,0,1,0,0,0,0.0026,0.0002,1]},
{"frame":620,"values":[-1,0,0,0,0,0,-1,0,0,1,0,0,0,0.0026,0.0002,1]}],"loopBehavior":1,"name":"anim","property":"_matrix"}},
{"name":"iktargetLeft","index":1,"matrix":[-0.9996,0.028,-0.0002,0,-0.028,-0.9995,0.0132,0,0.0002,0.0132,0.9999,0,-0.1014,-0.0059,0.0658,1],"rest":[-0.9996,0.028,-0.0002,0,-0.028,-0.9995,0.0132,0,0.0002,0.0132,0.9999,0,-0.0751,-0.0059,0.0658,1],"parentBoneIndex":0,"length":0.1669
,"animation":{"dataType":3,"framePerSecond":24,"keys":[
{"frame":1,"values":[-0.9996,0.028,-0.0002,0,-0.028,-0.9995,0.0132,0,0.0002,0.0132,0.9999,0,-0.1014,-0.0059,0.0658,1]},
{"frame":60,"values":[-0.9996,0.028,-0.0002,0,-0.028,-0.9995,0.0132,0,0.0002,0.0132,0.9999,0,-0.1014,-0.0059,0.0658,1]},
{"frame":71,"values":[-0.9996,0.028,-0.0002,0,-0.028,-0.9995,0.0132,0,0.0002,0.0132,0.9999,0,-0.1014,-0.0059,0.0658,1]},
{"frame":100,"values":[-0.9996,0.028,-0.0002,0,-0.028,-0.9995,0.0132,0,0.0002,0.0132,0.9999,0,-0.1014,-0.0059,0.0658,1]},
{"frame":111,"values":[-0.9996,0.028,-0.0002,0,-0.028,-0.9995,0.0132,0,0.0002,0.0132,0.9999,0,-0.1904,-0.0059,0.0658,1]},
{"frame":170,"values":[-0.9996,0.028,-0.0002,0,-0.028,-0.9995,0.0132,0,0.0002,0.0132,0.9999,0,-0.1904,-0.0059,0.0658,1]},
{"frame":181,"values":[-0.9996,0.028,-0.0002,0,-0.028,-0.9995,0.0132,0,0.0002,0.0132,0.9999,0,-0.1014,-0.0059,0.0658,1]},
{"frame":240,"values":[-0.9996,0.028,-0.0002,0,-0.028,-0.9995,0.0132,0,0.0002,0.0132,0.9999,0,-0.1014,-0.0059,0.0658,1]},
{"frame":251,"values":[-0.9996,0.028,-0.0002,0,-0.028,-0.9995,0.0132,0,0.0002,0.0132,0.9999,0,-0.1014,-0.0059,0.0658,1]},
{"frame":310,"values":[-0.9996,0.028,-0.0002,0,-0.028,-0.9995,0.0132,0,0.0002,0.0132,0.9999,0,-0.1014,-0.0059,0.0658,1]},
{"frame":321,"values":[-0.9996,0.028,-0.0002,0,-0.028,-0.9995,0.0132,0,0.0002,0.0132,0.9999,0,-0.0669,0.2878,0.0714,1]},
{"frame":322,"values":[-0.9996,0.028,-0.0002,0,-0.028,-0.9995,0.0132,0,0.0002,0.0132,0.9999,0,-0.0693,0.1763,0.0739,1]},
{"frame":323,"values":[-0.9996,0.028,-0.0002,0,-0.028,-0.9995,0.0132,0,0.0002,0.0132,0.9999,0,-0.0739,-0.0496,0.0795,1]},
{"frame":324,"values":[-0.9996,0.028,-0.0002,0,-0.028,-0.9995,0.0132,0,0.0002,0.0132,0.9999,0,-0.0777,-0.2503,0.0892,1]},
{"frame":325,"values":[-0.9996,0.028,-0.0002,0,-0.028,-0.9995,0.0132,0,0.0002,0.0132,0.9999,0,-0.08,-0.379,0.1209,1]},
{"frame":326,"values":[-0.9996,0.028,-0.0002,0,-0.028,-0.9995,0.0132,0,0.0002,0.0132,0.9999,0,-0.0809,-0.4265,0.1892,1]},
{"frame":327,"values":[-0.9996,0.028,-0.0002,0,-0.028,-0.9995,0.0132,0,0.0002,0.0132,0.9999,0,-0.0813,-0.4411,0.2793,1]},
{"frame":328,"values":[-0.9996,0.028,-0.0002,0,-0.028,-0.9995,0.0132,0,0.0002,0.0132,0.9999,0,-0.0824,-0.4682,0.3653,1]},
{"frame":329,"values":[-0.9996,0.028,-0.0002,0,-0.028,-0.9995,0.0132,0,0.0002,0.0132,0.9999,0,-0.0844,-0.4858,0.4043,1]},
{"frame":330,"values":[-0.9996,0.028,-0.0002,0,-0.028,-0.9995,0.0132,0,0.0002,0.0132,0.9999,0,-0.084,-0.3532,0.3738,1]},
{"frame":331,"values":[-0.9996,0.028,-0.0002,0,-0.028,-0.9995,0.0132,0,0.0002,0.0132,0.9999,0,-0.0806,-0.1304,0.2926,1]},
{"frame":332,"values":[-0.9996,0.028,-0.0002,0,-0.028,-0.9995,0.0132,0,0.0002,0.0132,0.9999,0,-0.0782,-0.0104,0.1876,1]},
{"frame":333,"values":[-0.9996,0.028,-0.0002,0,-0.028,-0.9995,0.0132,0,0.0002,0.0132,0.9999,0,-0.0769,0.091,0.1324,1]},
{"frame":334,"values":[-0.9996,0.028,-0.0002,0,-0.028,-0.9995,0.0132,0,0.0002,0.0132,0.9999,0,-0.0761,0.267,0.1634,1]},
{"frame":335,"values":[-0.9996,0.028,-0.0002,0,-0.028,-0.9995,0.0132,0,0.0002,0.0132,0.9999,0,-0.0758,0.3714,0.1953,1]},
{"frame":341,"values":[-0.9996,0.028,-0.0002,0,-0.028,-0.9995,0.0132,0,0.0002,0.0132,0.9999,0,-0.0751,-0.0059,0.0658,1]},
{"frame":342,"values":[-0.9996,0.028,-0.0002,0,-0.028,-0.9995,0.0132,0,0.0002,0.0132,0.9999,0,-0.0751,-0.0059,0.0658,1]},
{"frame":351,"values":[-0.9996,0.028,-0.0002,0,-0.028,-0.9995,0.0132,0,0.0002,0.0132,0.9999,0,-0.1014,-0.0059,0.0658,1]},
{"frame":410,"values":[-0.9996,0.028,-0.0002,0,-0.028,-0.9995,0.0132,0,0.0002,0.0132,0.9999,0,-0.1014,-0.0059,0.0658,1]},
{"frame":421,"values":[-0.9996,0.028,-0.0002,0,-0.028,-0.9995,0.0132,0,0.0002,0.0132,0.9999,0,-0.0669,0.2878,0.0714,1]},
{"frame":422,"values":[-0.9996,0.028,-0.0002,0,-0.028,-0.9995,0.0132,0,0.0002,0.0132,0.9999,0,-0.0672,0.2744,0.0713,1]},
{"frame":423,"values":[-0.9996,0.028,-0.0002,0,-0.028,-0.9995,0.0132,0,0.0002,0.0132,0.9999,0,-0.0682,0.2387,0.0711,1]},
{"frame":424,"values":[-0.9996,0.028,-0.0002,0,-0.028,-0.9995,0.0132,0,0.0002,0.0132,0.9999,0,-0.0697,0.1869,0.071,1]},
{"frame":425,"values":[-0.9996,0.028,-0.0002,0,-0.028,-0.9995,0.0132,0,0.0002,0.0132,0.9999,0,-0.0714,0.1256,0.0708,1]},
{"frame":426,"values":[-0.9996,0.028,-0.0002,0,-0.028,-0.9995,0.0132,0,0.0002,0.0132,0.9999,0,-0.0732,0.0611,0.0708,1]},
{"frame":427,"values":[-0.9996,0.028,-0.0002,0,-0.028,-0.9995,0.0132,0,0.0002,0.0132,0.9999,0,-0.0749,0,0.071,1]},
{"frame":428,"values":[-0.9996,0.028,-0.0002,0,-0.028,-0.9995,0.0132,0,0.0002,0.0132,0.9999,0,-0.0764,-0.0514,0.0714,1]},
{"frame":429,"values":[-0.9996,0.028,-0.0002,0,-0.028,-0.9995,0.0132,0,0.0002,0.0132,0.9999,0,-0.0775,-0.0897,0.0772,1]},
{"frame":430,"values":[-0.9996,0.028,-0.0002,0,-0.028,-0.9995,0.0132,0,0.0002,0.0132,0.9999,0,-0.0784,-0.1236,0.0894,1]},
{"frame":431,"values":[-0.9996,0.028,-0.0002,0,-0.028,-0.9995,0.0132,0,0.0002,0.0132,0.9999,0,-0.0796,-0.1652,0.1017,1]},
{"frame":432,"values":[-0.9996,0.028,-0.0002,0,-0.028,-0.9995,0.0132,0,0.0002,0.0132,0.9999,0,-0.0813,-0.2265,0.1079,1]},
{"frame":433,"values":[-0.9996,0.028,-0.0002,0,-0.028,-0.9995,0.0132,0,0.0002,0.0132,0.9999,0,-0.0837,-0.3113,0.0989,1]},
{"frame":434,"values":[-0.9996,0.028,-0.0002,0,-0.028,-0.9995,0.0132,0,0.0002,0.0132,0.9999,0,-0.0859,-0.39,0.0811,1]},
{"frame":435,"values":[-0.9996,0.028,-0.0002,0,-0.028,-0.9995,0.0132,0,0.0002,0.0132,0.9999,0,-0.0868,-0.4247,0.0714,1]},
{"frame":436,"values":[-0.9996,0.028,-0.0002,0,-0.028,-0.9995,0.0132,0,0.0002,0.0132,0.9999,0,-0.0866,-0.4166,0.073,1]},
{"frame":437,"values":[-0.9996,0.028,-0.0002,0,-0.028,-0.9995,0.0132,0,0.0002,0.0132,0.9999,0,-0.086,-0.3936,0.0788,1]},
{"frame":438,"values":[-0.9996,0.028,-0.0002,0,-0.028,-0.9995,0.0132,0,0.0002,0.0132,0.9999,0,-0.085,-0.3581,0.0898,1]},
{"frame":439,"values":[-0.9996,0.028,-0.0002,0,-0.028,-0.9995,0.0132,0,0.0002,0.0132,0.9999,0,-0.0837,-0.3123,0.1073,1]},
{"frame":440,"values":[-0.9996,0.028,-0.0002,0,-0.028,-0.9995,0.0132,0,0.0002,0.0132,0.9999,0,-0.0822,-0.2584,0.1325,1]},
{"frame":441,"values":[-0.9996,0.028,-0.0002,0,-0.028,-0.9995,0.0132,0,0.0002,0.0132,0.9999,0,-0.0806,-0.2001,0.1642,1]},
{"frame":442,"values":[-0.9996,0.028,-0.0002,0,-0.028,-0.9995,0.0132,0,0.0002,0.0132,0.9999,0,-0.0791,-0.1468,0.1926,1]},
{"frame":443,"values":[-0.9996,0.028,-0.0002,0,-0.028,-0.9995,0.0132,0,0.0002,0.0132,0.9999,0,-0.078,-0.1092,0.2052,1]},
{"frame":444,"values":[-0.9996,0.028,-0.0002,0,-0.028,-0.9995,0.0132,0,0.0002,0.0132,0.9999,0,-0.0776,-0.0928,0.2059,1]},
{"frame":445,"values":[-0.9996,0.028,-0.0002,0,-0.028,-0.9995,0.0132,0,0.0002,0.0132,0.9999,0,-0.0773,-0.0825,0.2061,1]},
{"frame":446,"values":[-0.9996,0.028,-0.0002,0,-0.028,-0.9995,0.0132,0,0.0002,0.0132,0.9999,0,-0.0766,-0.0582,0.206,1]},
{"frame":447,"values":[-0.9996,0.028,-0.0002,0,-0.028,-0.9995,0.0132,0,0.0002,0.0132,0.9999,0,-0.075,-0.0001,0.2052,1]},
{"frame":448,"values":[-0.9996,0.028,-0.0002,0,-0.028,-0.9995,0.0132,0,0.0002,0.0132,0.9999,0,-0.0718,0.1109,0.1701,1]},
{"frame":449,"values":[-0.9996,0.028,-0.0002,0,-0.028,-0.9995,0.0132,0,0.0002,0.0132,0.9999,0,-0.0685,0.2314,0.1059,1]},
{"frame":450,"values":[-0.9996,0.028,-0.0002,0,-0.028,-0.9995,0.0132,0,0.0002,0.0132,0.9999,0,-0.0669,0.2878,0.0714,1]},
{"frame":461,"values":[-0.9996,0.028,-0.0002,0,-0.028,-0.9995,0.0132,0,0.0002,0.0132,0.9999,0,-0.1014,-0.0059,0.0658,1]},
{"frame":520,"values":[-0.9996,0.028,-0.0002,0,-0.028,-0.9995,0.0132,0,0.0002,0.0132,0.9999,0,-0.1014,-0.0059,0.0658,1]},
{"frame":531,"values":[-0.9996,0.028,-0.0002,0,-0.028,-0.9995,0.0132,0,0.0002,0.0132,0.9999,0,-0.1014,-0.0059,0.0658,1]},
{"frame":620,"values":[-0.9996,0.028,-0.0002,0,-0.028,-0.9995,0.0132,0,0.0002,0.0132,0.9999,0,-0.1014,-0.0059,0.0658,1]}],"loopBehavior":1,"name":"anim","property":"_matrix"}},
{"name":"iktargetRight","index":2,"matrix":[-0.9996,-0.028,0.0002,0,0.028,-0.9995,0.0132,0,-0.0002,0.0132,0.9999,0,0.0749,-0.0059,0.0658,1],"rest":[-0.9996,-0.028,0.0002,0,0.028,-0.9995,0.0132,0,-0.0002,0.0132,0.9999,0,0.0749,-0.0059,0.0658,1],"parentBoneIndex":0,"length":0.1669
,"animation":{"dataType":3,"framePerSecond":24,"keys":[
{"frame":1,"values":[-0.9996,-0.028,0.0002,0,0.028,-0.9995,0.0132,0,-0.0002,0.0132,0.9999,0,0.0749,-0.0059,0.0658,1]},
{"frame":60,"values":[-0.9996,-0.028,0.0002,0,0.028,-0.9995,0.0132,0,-0.0002,0.0132,0.9999,0,0.0749,-0.0059,0.0658,1]},
{"frame":71,"values":[-0.9996,-0.028,0.0002,0,0.028,-0.9995,0.0132,0,-0.0002,0.0132,0.9999,0,0.1219,-0.0059,0.0658,1]},
{"frame":100,"values":[-0.9996,-0.028,0.0002,0,0.028,-0.9995,0.0132,0,-0.0002,0.0132,0.9999,0,0.1219,-0.0059,0.0658,1]},
{"frame":111,"values":[-0.9996,-0.028,0.0002,0,0.028,-0.9995,0.0132,0,-0.0002,0.0132,0.9999,0,0.0749,-0.0059,0.0658,1]},
{"frame":170,"values":[-0.9996,-0.028,0.0002,0,0.028,-0.9995,0.0132,0,-0.0002,0.0132,0.9999,0,0.0749,-0.0059,0.0658,1]},
{"frame":181,"values":[-0.9996,-0.028,0.0002,0,0.028,-0.9995,0.0132,0,-0.0002,0.0132,0.9999,0,0.0749,-0.0059,0.0658,1]},
{"frame":240,"values":[-0.9996,-0.028,0.0002,0,0.028,-0.9995,0.0132,0,-0.0002,0.0132,0.9999,0,0.0749,-0.0059,0.0658,1]},
{"frame":251,"values":[-0.9996,-0.028,0.0002,0,0.028,-0.9995,0.0132,0,-0.0002,0.0132,0.9999,0,0.0749,-0.0059,0.0658,1]},
{"frame":310,"values":[-0.9996,-0.028,0.0002,0,0.028,-0.9995,0.0132,0,-0.0002,0.0132,0.9999,0,0.0749,-0.0059,0.0658,1]},
{"frame":321,"values":[-0.9996,-0.028,0.0002,0,0.028,-0.9995,0.0132,0,-0.0002,0.0132,0.9999,0,0.0842,-0.4858,0.4043,1]},
{"frame":322,"values":[-0.9996,-0.028,0.0002,0,0.028,-0.9995,0.0132,0,-0.0002,0.0132,0.9999,0,0.083,-0.3999,0.3952,1]},
{"frame":323,"values":[-0.9996,-0.028,0.0002,0,0.028,-0.9995,0.0132,0,-0.0002,0.0132,0.9999,0,0.0804,-0.2265,0.337,1]},
{"frame":324,"values":[-0.9996,-0.028,0.0002,0,0.028,-0.9995,0.0132,0,-0.0002,0.0132,0.9999,0,0.0782,-0.0651,0.2107,1]},
{"frame":325,"values":[-0.9996,-0.028,0.0002,0,0.028,-0.9995,0.0132,0,-0.0002,0.0132,0.9999,0,0.0767,0.091,0.1324,1]},
{"frame":326,"values":[-0.9996,-0.028,0.0002,0,0.028,-0.9995,0.0132,0,-0.0002,0.0132,0.9999,0,0.0759,0.251,0.1633,1]},
{"frame":327,"values":[-0.9996,-0.028,0.0002,0,0.028,-0.9995,0.0132,0,-0.0002,0.0132,0.9999,0,0.0756,0.3286,0.1953,1]},
{"frame":328,"values":[-0.9996,-0.028,0.0002,0,0.028,-0.9995,0.0132,0,-0.0002,0.0132,0.9999,0,0.0707,0.3228,0.1331,1]},
{"frame":329,"values":[-0.9996,-0.028,0.0002,0,0.028,-0.9995,0.0132,0,-0.0002,0.0132,0.9999,0,0.0667,0.2878,0.0714,1]},
{"frame":330,"values":[-0.9996,-0.028,0.0002,0,0.028,-0.9995,0.0132,0,-0.0002,0.0132,0.9999,0,0.0714,0.1635,0.0745,1]},
{"frame":331,"values":[-0.9996,-0.028,0.0002,0,0.028,-0.9995,0.0132,0,-0.0002,0.0132,0.9999,0,0.0786,-0.0495,0.0795,1]},
{"frame":332,"values":[-0.9996,-0.028,0.0002,0,0.028,-0.9995,0.0132,0,-0.0002,0.0132,0.9999,0,0.0808,-0.2733,0.0874,1]},
{"frame":333,"values":[-0.9996,-0.028,0.0002,0,0.028,-0.9995,0.0132,0,-0.0002,0.0132,0.9999,0,0.0798,-0.379,0.1209,1]},
{"frame":334,"values":[-0.9996,-0.028,0.0002,0,0.028,-0.9995,0.0132,0,-0.0002,0.0132,0.9999,0,0.0842,-0.3687,0.2499,1]},
{"frame":335,"values":[-0.9996,-0.028,0.0002,0,0.028,-0.9995,0.0132,0,-0.0002,0.0132,0.9999,0,0.0886,-0.3588,0.3511,1]},
{"frame":341,"values":[-0.9996,-0.028,0.0002,0,0.028,-0.9995,0.0132,0,-0.0002,0.0132,0.9999,0,0.0749,-0.0059,0.0658,1]},
{"frame":342,"values":[-0.9996,-0.028,0.0002,0,0.028,-0.9995,0.0132,0,-0.0002,0.0132,0.9999,0,0.0749,-0.0059,0.0658,1]},
{"frame":351,"values":[-0.9996,-0.028,0.0002,0,0.028,-0.9995,0.0132,0,-0.0002,0.0132,0.9999,0,0.1212,-0.0059,0.0658,1]},
{"frame":410,"values":[-0.9996,-0.028,0.0002,0,0.028,-0.9995,0.0132,0,-0.0002,0.0132,0.9999,0,0.1212,-0.0059,0.0658,1]},
{"frame":421,"values":[-0.9996,-0.028,0.0002,0,0.028,-0.9995,0.0132,0,-0.0002,0.0132,0.9999,0,0.0842,-0.339,0.1022,1]},
{"frame":422,"values":[-0.9996,-0.028,0.0002,0,0.028,-0.9995,0.0132,0,-0.0002,0.0132,0.9999,0,0.0841,-0.3345,0.1023,1]},
{"frame":423,"values":[-0.9996,-0.028,0.0002,0,0.028,-0.9995,0.0132,0,-0.0002,0.0132,0.9999,0,0.0837,-0.3207,0.1036,1]},
{"frame":424,"values":[-0.9996,-0.028,0.0002,0,0.028,-0.9995,0.0132,0,-0.0002,0.0132,0.9999,0,0.0831,-0.2969,0.1072,1]},
{"frame":425,"values":[-0.9996,-0.028,0.0002,0,0.028,-0.9995,0.0132,0,-0.0002,0.0132,0.9999,0,0.0821,-0.2624,0.1144,1]},
{"frame":426,"values":[-0.9996,-0.028,0.0002,0,0.028,-0.9995,0.0132,0,-0.0002,0.0132,0.9999,0,0.0809,-0.2185,0.1439,1]},
{"frame":427,"values":[-0.9996,-0.028,0.0002,0,0.028,-0.9995,0.0132,0,-0.0002,0.0132,0.9999,0,0.0796,-0.1744,0.189,1]},
{"frame":428,"values":[-0.9996,-0.028,0.0002,0,0.028,-0.9995,0.0132,0,-0.0002,0.0132,0.9999,0,0.0787,-0.142,0.2129,1]},
{"frame":429,"values":[-0.9996,-0.028,0.0002,0,0.028,-0.9995,0.0132,0,-0.0002,0.0132,0.9999,0,0.0783,-0.1275,0.2135,1]},
{"frame":430,"values":[-0.9996,-0.028,0.0002,0,0.028,-0.9995,0.0132,0,-0.0002,0.0132,0.9999,0,0.078,-0.1166,0.2138,1]},
{"frame":431,"values":[-0.9996,-0.028,0.0002,0,0.028,-0.9995,0.0132,0,-0.0002,0.0132,0.9999,0,0.0773,-0.0901,0.2136,1]},
{"frame":432,"values":[-0.9996,-0.028,0.0002,0,0.028,-0.9995,0.0132,0,-0.0002,0.0132,0.9999,0,0.0756,-0.029,0.2129,1]},
{"frame":433,"values":[-0.9996,-0.028,0.0002,0,0.028,-0.9995,0.0132,0,-0.0002,0.0132,0.9999,0,0.0722,0.0909,0.1757,1]},
{"frame":434,"values":[-0.9996,-0.028,0.0002,0,0.028,-0.9995,0.0132,0,-0.0002,0.0132,0.9999,0,0.0685,0.2245,0.1078,1]},
{"frame":435,"values":[-0.9996,-0.028,0.0002,0,0.028,-0.9995,0.0132,0,-0.0002,0.0132,0.9999,0,0.0667,0.2878,0.0714,1]},
{"frame":436,"values":[-0.9996,-0.028,0.0002,0,0.028,-0.9995,0.0132,0,-0.0002,0.0132,0.9999,0,0.0667,0.2872,0.0719,1]},
{"frame":437,"values":[-0.9996,-0.028,0.0002,0,0.028,-0.9995,0.0132,0,-0.0002,0.0132,0.9999,0,0.0668,0.2831,0.0732,1]},
{"frame":438,"values":[-0.9996,-0.028,0.0002,0,0.028,-0.9995,0.0132,0,-0.0002,0.0132,0.9999,0,0.0671,0.272,0.0749,1]},
{"frame":439,"values":[-0.9996,-0.028,0.0002,0,0.028,-0.9995,0.0132,0,-0.0002,0.0132,0.9999,0,0.0677,0.2504,0.0765,1]},
{"frame":440,"values":[-0.9996,-0.028,0.0002,0,0.028,-0.9995,0.0132,0,-0.0002,0.0132,0.9999,0,0.0687,0.2147,0.0775,1]},
{"frame":441,"values":[-0.9996,-0.028,0.0002,0,0.028,-0.9995,0.0132,0,-0.0002,0.0132,0.9999,0,0.0706,0.1489,0.0743,1]},
{"frame":442,"values":[-0.9996,-0.028,0.0002,0,0.028,-0.9995,0.0132,0,-0.0002,0.0132,0.9999,0,0.0731,0.0584,0.0682,1]},
{"frame":443,"values":[-0.9996,-0.028,0.0002,0,0.028,-0.9995,0.0132,0,-0.0002,0.0132,0.9999,0,0.0755,-0.0279,0.0653,1]},
{"frame":444,"values":[-0.9996,-0.028,0.0002,0,0.028,-0.9995,0.0132,0,-0.0002,0.0132,0.9999,0,0.0772,-0.0883,0.0696,1]},
{"frame":445,"values":[-0.9996,-0.028,0.0002,0,0.028,-0.9995,0.0132,0,-0.0002,0.0132,0.9999,0,0.0784,-0.1294,0.0782,1]},
{"frame":446,"values":[-0.9996,-0.028,0.0002,0,0.028,-0.9995,0.0132,0,-0.0002,0.0132,0.9999,0,0.0793,-0.1644,0.088,1]},
{"frame":447,"values":[-0.9996,-0.028,0.0002,0,0.028,-0.9995,0.0132,0,-0.0002,0.0132,0.9999,0,0.0805,-0.2067,0.0956,1]},
{"frame":448,"values":[-0.9996,-0.028,0.0002,0,0.028,-0.9995,0.0132,0,-0.0002,0.0132,0.9999,0,0.0821,-0.2635,0.0998,1]},
{"frame":449,"values":[-0.9996,-0.028,0.0002,0,0.028,-0.9995,0.0132,0,-0.0002,0.0132,0.9999,0,0.0836,-0.316,0.1017,1]},
{"frame":450,"values":[-0.9996,-0.028,0.0002,0,0.028,-0.9995,0.0132,0,-0.0002,0.0132,0.9999,0,0.0842,-0.339,0.1022,1]},
{"frame":461,"values":[-0.9996,-0.028,0.0002,0,0.028,-0.9995,0.0132,0,-0.0002,0.0132,0.9999,0,0.0749,-0.0059,0.0658,1]},
{"frame":520,"values":[-0.9996,-0.028,0.0002,0,0.028,-0.9995,0.0132,0,-0.0002,0.0132,0.9999,0,0.0749,-0.0059,0.0658,1]},
{"frame":531,"values":[-0.9996,-0.028,0.0002,0,0.028,-0.9995,0.0132,0,-0.0002,0.0132,0.9999,0,0.0749,-0.0059,0.0658,1]},
{"frame":541,"values":[-0.9996,-0.028,0.0002,0,0.028,-0.9995,0.0132,0,-0.0002,0.0132,0.9999,0,0.0769,-0.0059,0.0658,1]},
{"frame":542,"values":[-0.9996,-0.028,0.0002,0,0.028,-0.9995,0.0132,0,-0.0002,0.0132,0.9999,0,0.0824,-0.0059,0.0658,1]},
{"frame":543,"values":[-0.9996,-0.028,0.0002,0,0.028,-0.9995,0.0132,0,-0.0002,0.0132,0.9999,0,0.0903,-0.0059,0.0658,1]},
{"frame":544,"values":[-0.9996,-0.028,0.0002,0,0.028,-0.9995,0.0132,0,-0.0002,0.0132,0.9999,0,0.0996,-0.0059,0.0658,1]},
{"frame":545,"values":[-0.9996,-0.028,0.0002,0,0.028,-0.9995,0.0132,0,-0.0002,0.0132,0.9999,0,0.1094,-0.0059,0.0658,1]},
{"frame":546,"values":[-0.9996,-0.028,0.0002,0,0.028,-0.9995,0.0132,0,-0.0002,0.0132,0.9999,0,0.1188,-0.0059,0.0658,1]},
{"frame":547,"values":[-0.9996,-0.028,0.0002,0,0.028,-0.9995,0.0132,0,-0.0002,0.0132,0.9999,0,0.1266,-0.0059,0.0658,1]},
{"frame":548,"values":[-0.9996,-0.028,0.0002,0,0.028,-0.9995,0.0132,0,-0.0002,0.0132,0.9999,0,0.1321,-0.0059,0.0658,1]},
{"frame":549,"values":[-0.9996,-0.028,0.0002,0,0.028,-0.9995,0.0132,0,-0.0002,0.0132,0.9999,0,0.1341,-0.0059,0.0658,1]},
{"frame":601,"values":[-0.9996,-0.028,0.0002,0,0.028,-0.9995,0.0132,0,-0.0002,0.0132,0.9999,0,0.1337,-0.0059,0.0658,1]},
{"frame":602,"values":[-0.9996,-0.028,0.0002,0,0.028,-0.9995,0.0132,0,-0.0002,0.0132,0.9999,0,0.1325,-0.0059,0.0658,1]},
{"frame":603,"values":[-0.9996,-0.028,0.0002,0,0.028,-0.9995,0.0132,0,-0.0002,0.0132,0.9999,0,0.1305,-0.0059,0.0658,1]},
{"frame":604,"values":[-0.9996,-0.028,0.0002,0,0.028,-0.9995,0.0132,0,-0.0002,0.0132,0.9999,0,0.128,-0.0059,0.0658,1]},
{"frame":605,"values":[-0.9996,-0.028,0.0002,0,0.028,-0.9995,0.0132,0,-0.0002,0.0132,0.9999,0,0.1249,-0.0059,0.0658,1]},
{"frame":606,"values":[-0.9996,-0.028,0.0002,0,0.028,-0.9995,0.0132,0,-0.0002,0.0132,0.9999,0,0.1213,-0.0059,0.0658,1]},
{"frame":607,"values":[-0.9996,-0.028,0.0002,0,0.028,-0.9995,0.0132,0,-0.0002,0.0132,0.9999,0,0.1174,-0.0059,0.0658,1]},
{"frame":608,"values":[-0.9996,-0.028,0.0002,0,0.028,-0.9995,0.0132,0,-0.0002,0.0132,0.9999,0,0.1133,-0.0059,0.0658,1]},
{"frame":609,"values":[-0.9996,-0.028,0.0002,0,0.028,-0.9995,0.0132,0,-0.0002,0.0132,0.9999,0,0.1089,-0.0059,0.0658,1]},
{"frame":610,"values":[-0.9996,-0.028,0.0002,0,0.028,-0.9995,0.0132,0,-0.0002,0.0132,0.9999,0,0.1045,-0.0059,0.0658,1]},
{"frame":611,"values":[-0.9996,-0.028,0.0002,0,0.028,-0.9995,0.0132,0,-0.0002,0.0132,0.9999,0,0.1001,-0.0059,0.0658,1]},
{"frame":612,"values":[-0.9996,-0.028,0.0002,0,0.028,-0.9995,0.0132,0,-0.0002,0.0132,0.9999,0,0.0957,-0.0059,0.0658,1]},
{"frame":613,"values":[-0.9996,-0.028,0.0002,0,0.028,-0.9995,0.0132,0,-0.0002,0.0132,0.9999,0,0.0916,-0.0059,0.0658,1]},
{"frame":614,"values":[-0.9996,-0.028,0.0002,0,0.028,-0.9995,0.0132,0,-0.0002,0.0132,0.9999,0,0.0877,-0.0059,0.0658,1]},
{"frame":615,"values":[-0.9996,-0.028,0.0002,0,0.028,-0.9995,0.0132,0,-0.0002,0.0132,0.9999,0,0.0842,-0.0059,0.0658,1]},
{"frame":616,"values":[-0.9996,-0.028,0.0002,0,0.028,-0.9995,0.0132,0,-0.0002,0.0132,0.9999,0,0.0811,-0.0059,0.0658,1]},
{"frame":617,"values":[-0.9996,-0.028,0.0002,0,0.028,-0.9995,0.0132,0,-0.0002,0.0132,0.9999,0,0.0785,-0.0059,0.0658,1]},
{"frame":618,"values":[-0.9996,-0.028,0.0002,0,0.028,-0.9995,0.0132,0,-0.0002,0.0132,0.9999,0,0.0766,-0.0059,0.0658,1]},
{"frame":619,"values":[-0.9996,-0.028,0.0002,0,0.028,-0.9995,0.0132,0,-0.0002,0.0132,0.9999,0,0.0753,-0.0059,0.0658,1]},
{"frame":620,"values":[-0.9996,-0.028,0.0002,0,0.028,-0.9995,0.0132,0,-0.0002,0.0132,0.9999,0,0.0749,-0.0059,0.0658,1]}],"loopBehavior":1,"name":"anim","property":"_matrix"}},
{"name":"armtargetLeft","index":3,"matrix":[-0.3584,0,0,0,0,-0.3584,0,0,0,0,0.3584,0,-0.2326,-0.0514,0.734,1],"rest":[-1,0,0,0,0,-1,0,0,0,0,1,0,-0.6705,-0.0131,1.2284,1],"parentBoneIndex":0,"length":0.0312
,"animation":{"dataType":3,"framePerSecond":24,"keys":[
{"frame":1,"values":[-1,0,0,0,0,-1,0,0,0,0,1,0,-0.2326,-0.0514,0.734,1]},
{"frame":60,"values":[-1,0,0,0,0,-1,0,0,0,0,1,0,-0.2326,-0.0514,0.734,1]},
{"frame":71,"values":[-1,0,0,0,0,-1,0,0,0,0,1,0,-0.1378,0.2287,1.0178,1]},
{"frame":72,"values":[-1,0,0,0,0,-1,0,0,0,0,1,0,-0.1264,0.2287,1.0178,1]},
{"frame":73,"values":[-1,0,0,0,0,-1,0,0,0,0,1,0,-0.0994,0.2287,1.0178,1]},
{"frame":74,"values":[-1,0,0,0,0,-1,0,0,0,0,1,0,-0.0671,0.2287,1.0178,1]},
{"frame":75,"values":[-1,0,0,0,0,-1,0,0,0,0,1,0,-0.0401,0.2287,1.0178,1]},
{"frame":76,"values":[-1,0,0,0,0,-1,0,0,0,0,1,0,-0.0287,0.2287,1.0178,1]},
{"frame":77,"values":[-1,0,0,0,0,-1,0,0,0,0,1,0,-0.0401,0.2287,1.0178,1]},
{"frame":78,"values":[-1,0,0,0,0,-1,0,0,0,0,1,0,-0.0671,0.2287,1.0178,1]},
{"frame":79,"values":[-1,0,0,0,0,-1,0,0,0,0,1,0,-0.0994,0.2287,1.0178,1]},
{"frame":80,"values":[-1,0,0,0,0,-1,0,0,0,0,1,0,-0.1264,0.2287,1.0178,1]},
{"frame":81,"values":[-1,0,0,0,0,-1,0,0,0,0,1,0,-0.1378,0.2287,1.0178,1]},
{"frame":82,"values":[-1,0,0,0,0,-1,0,0,0,0,1,0,-0.1225,0.2287,1.0178,1]},
{"frame":83,"values":[-1,0,0,0,0,-1,0,0,0,0,1,0,-0.089,0.2287,1.0178,1]},
{"frame":84,"values":[-1,0,0,0,0,-1,0,0,0,0,1,0,-0.0554,0.2287,1.0178,1]},
{"frame":85,"values":[-1,0,0,0,0,-1,0,0,0,0,1,0,-0.0402,0.2287,1.0178,1]},
{"frame":86,"values":[-1,0,0,0,0,-1,0,0,0,0,1,0,-0.0503,0.2287,1.0178,1]},
{"frame":87,"values":[-1,0,0,0,0,-1,0,0,0,0,1,0,-0.0745,0.2287,1.0178,1]},
{"frame":88,"values":[-1,0,0,0,0,-1,0,0,0,0,1,0,-0.1034,0.2287,1.0178,1]},
{"frame":89,"values":[-1,0,0,0,0,-1,0,0,0,0,1,0,-0.1276,0.2287,1.0178,1]},
{"frame":90,"values":[-1,0,0,0,0,-1,0,0,0,0,1,0,-0.1378,0.2287,1.0178,1]},
{"frame":91,"values":[-1,0,0,0,0,-1,0,0,0,0,1,0,-0.1264,0.2287,1.0178,1]},
{"frame":92,"values":[-1,0,0,0,0,-1,0,0,0,0,1,0,-0.0994,0.2287,1.0178,1]},
{"frame":93,"values":[-1,0,0,0,0,-1,0,0,0,0,1,0,-0.0671,0.2287,1.0178,1]},
{"frame":94,"values":[-1,0,0,0,0,-1,0,0,0,0,1,0,-0.0401,0.2287,1.0178,1]},
{"frame":95,"values":[-1,0,0,0,0,-1,0,0,0,0,1,0,-0.0287,0.2287,1.0178,1]},
{"frame":96,"values":[-1,0,0,0,0,-1,0,0,0,0,1,0,-0.0401,0.2287,1.0178,1]},
{"frame":97,"values":[-1,0,0,0,0,-1,0,0,0,0,1,0,-0.0671,0.2287,1.0178,1]},
{"frame":98,"values":[-1,0,0,0,0,-1,0,0,0,0,1,0,-0.0994,0.2287,1.0178,1]},
{"frame":99,"values":[-1,0,0,0,0,-1,0,0,0,0,1,0,-0.1264,0.2287,1.0178,1]},
{"frame":100,"values":[-1,0,0,0,0,-1,0,0,0,0,1,0,-0.1378,0.2287,1.0178,1]},
{"frame":111,"values":[-1,0,0,0,0,-1,0,0,0,0,1,0,0.1475,0.1945,1.0521,1]},
{"frame":112,"values":[-1,0,0,0,0,-1,0,0,0,0,1,0,0.1134,0.1815,1.0013,1]},
{"frame":113,"values":[-1,0,0,0,0,-1,0,0,0,0,1,0,0.023,0.153,0.8896,1]},
{"frame":114,"values":[-1,0,0,0,0,-1,0,0,0,0,1,0,-0.1058,0.1245,0.778,1]},
{"frame":115,"values":[-1,0,0,0,0,-1,0,0,0,0,1,0,-0.2553,0.1115,0.7272,1]},
{"frame":116,"values":[-1,0,0,0,0,-1,0,0,0,0,1,0,-0.4072,0.1349,0.8004,1]},
{"frame":117,"values":[-1,0,0,0,0,-1,0,0,0,0,1,0,-0.5412,0.1863,0.9616,1]},
{"frame":118,"values":[-1,0,0,0,0,-1,0,0,0,0,1,0,-0.6367,0.2377,1.1227,1]},
{"frame":119,"values":[-1,0,0,0,0,-1,0,0,0,0,1,0,-0.6732,0.2611,1.196,1]},
{"frame":120,"values":[-1,0,0,0,0,-1,0,0,0,0,1,0,-0.629,0.2356,1.1239,1]},
{"frame":121,"values":[-1,0,0,0,0,-1,0,0,0,0,1,0,-0.5163,0.1793,0.9653,1]},
{"frame":122,"values":[-1,0,0,0,0,-1,0,0,0,0,1,0,-0.3652,0.1231,0.8068,1]},
{"frame":123,"values":[-1,0,0,0,0,-1,0,0,0,0,1,0,-0.2055,0.0976,0.7347,1]},
{"frame":124,"values":[-1,0,0,0,0,-1,0,0,0,0,1,0,-0.0638,0.1127,0.7843,1]},
{"frame":125,"values":[-1,0,0,0,0,-1,0,0,0,0,1,0,0.0479,0.146,0.8934,1]},
{"frame":126,"values":[-1,0,0,0,0,-1,0,0,0,0,1,0,0.1212,0.1793,1.0025,1]},
{"frame":127,"values":[-1,0,0,0,0,-1,0,0,0,0,1,0,0.1475,0.1945,1.0521,1]},
{"frame":128,"values":[-1,0,0,0,0,-1,0,0,0,0,1,0,0.142,0.1844,1.0121,1]},
{"frame":129,"values":[-1,0,0,0,0,-1,0,0,0,0,1,0,0.1034,0.1623,0.9189,1]},
{"frame":130,"values":[-1,0,0,0,0,-1,0,0,0,0,1,0,-0.0014,0.1402,0.813,1]},
{"frame":131,"values":[-1,0,0,0,0,-1,0,0,0,0,1,0,-0.2055,0.1302,0.7347,1]},
{"frame":132,"values":[-1,0,0,0,0,-1,0,0,0,0,1,0,-0.5213,0.1661,0.6987,1]},
{"frame":133,"values":[-1,0,0,0,0,-1,0,0,0,0,1,0,-0.8303,0.2328,0.6855,1]},
{"frame":134,"values":[-1,0,0,0,0,-1,0,0,0,0,1,0,-0.9695,0.2687,0.6836,1]},
{"frame":135,"values":[-1,0,0,0,0,-1,0,0,0,0,1,0,-0.8151,0.25,0.6837,1]},
{"frame":136,"values":[-1,0,0,0,0,-1,0,0,0,0,1,0,-0.483,0.215,0.6845,1]},
{"frame":137,"values":[-1,0,0,0,0,-1,0,0,0,0,1,0,-0.1699,0.1957,0.6866,1]},
{"frame":138,"values":[-1,0,0,0,0,-1,0,0,0,0,1,0,0.0136,0.195,0.7454,1]},
{"frame":139,"values":[-1,0,0,0,0,-1,0,0,0,0,1,0,0.1078,0.1946,0.8708,1]},
{"frame":140,"values":[-1,0,0,0,0,-1,0,0,0,0,1,0,0.1425,0.1945,0.9955,1]},
{"frame":141,"values":[-1,0,0,0,0,-1,0,0,0,0,1,0,0.1475,0.1945,1.0521,1]},
{"frame":142,"values":[-1,0,0,0,0,-1,0,0,0,0,1,0,0.1268,0.1945,0.995,1]},
{"frame":143,"values":[-1,0,0,0,0,-1,0,0,0,0,1,0,0.0658,0.1946,0.8693,1]},
{"frame":144,"values":[-1,0,0,0,0,-1,0,0,0,0,1,0,-0.0337,0.195,0.7437,1]},
{"frame":145,"values":[-1,0,0,0,0,-1,0,0,0,0,1,0,-0.1699,0.1957,0.6866,1]},
{"frame":146,"values":[-1,0,0,0,0,-1,0,0,0,0,1,0,-0.3351,0.2064,0.7662,1]},
{"frame":147,"values":[-1,0,0,0,0,-1,0,0,0,0,1,0,-0.4985,0.2288,0.9413,1]},
{"frame":148,"values":[-1,0,0,0,0,-1,0,0,0,0,1,0,-0.6234,0.2511,1.1164,1]},
{"frame":149,"values":[-1,0,0,0,0,-1,0,0,0,0,1,0,-0.6732,0.2611,1.196,1]},
{"frame":150,"values":[-1,0,0,0,0,-1,0,0,0,0,1,0,-0.5901,0.2476,1.0764,1]},
{"frame":151,"values":[-1,0,0,0,0,-1,0,0,0,0,1,0,-0.403,0.2051,0.8543,1]},
{"frame":152,"values":[-1,0,0,0,0,-1,0,0,0,0,1,0,-0.2055,0.1302,0.7347,1]},
{"frame":153,"values":[-1,0,0,0,0,-1,0,0,0,0,1,0,-0.0721,0.0253,0.7562,1]},
{"frame":154,"values":[-1,0,0,0,0,-1,0,0,0,0,1,0,-0.0016,-0.0859,0.8035,1]},
{"frame":155,"values":[-1,0,0,0,0,-1,0,0,0,0,1,0,0.026,-0.174,0.8508,1]},
{"frame":156,"values":[-1,0,0,0,0,-1,0,0,0,0,1,0,0.0308,-0.2099,0.8723,1]},
{"frame":157,"values":[-1,0,0,0,0,-1,0,0,0,0,1,0,-0.0001,-0.1217,0.8367,1]},
{"frame":158,"values":[-1,0,0,0,0,-1,0,0,0,0,1,0,-0.0835,0.042,0.7704,1]},
{"frame":159,"values":[-1,0,0,0,0,-1,0,0,0,0,1,0,-0.2055,0.1302,0.7347,1]},
{"frame":160,"values":[-1,0,0,0,0,-1,0,0,0,0,1,0,-0.3497,0.0824,0.8053,1]},
{"frame":161,"values":[-1,0,0,0,0,-1,0,0,0,0,1,0,-0.489,-0.0227,0.9605,1]},
{"frame":162,"values":[-1,0,0,0,0,-1,0,0,0,0,1,0,-0.5942,-0.1279,1.1158,1]},
{"frame":163,"values":[-1,0,0,0,0,-1,0,0,0,0,1,0,-0.6358,-0.1757,1.1864,1]},
{"frame":164,"values":[-1,0,0,0,0,-1,0,0,0,0,1,0,-0.5642,-0.1071,1.0693,1]},
{"frame":165,"values":[-1,0,0,0,0,-1,0,0,0,0,1,0,-0.397,0.0295,0.8518,1]},
{"frame":166,"values":[-1,0,0,0,0,-1,0,0,0,0,1,0,-0.2055,0.1302,0.7347,1]},
{"frame":167,"values":[-1,0,0,0,0,-1,0,0,0,0,1,0,-0.0493,0.1674,0.7843,1]},
{"frame":168,"values":[-1,0,0,0,0,-1,0,0,0,0,1,0,0.0608,0.1864,0.8934,1]},
{"frame":169,"values":[-1,0,0,0,0,-1,0,0,0,0,1,0,0.126,0.1935,1.0025,1]},
{"frame":170,"values":[-1,0,0,0,0,-1,0,0,0,0,1,0,0.1475,0.1945,1.0521,1]},
{"frame":181,"values":[-1,0,0,0,0,-1,0,0,0,0,1,0,-0.2588,-0.115,0.7492,1]},
{"frame":182,"values":[-0.9943,0,0,0,0,-0.9943,0,0,0,0,0.9943,0,-0.2589,-0.1144,0.7491,1]},
{"frame":183,"values":[-0.978,0,0,0,0,-0.978,0,0,0,0,0.978,0,-0.2591,-0.1128,0.7487,1]},
{"frame":184,"values":[-0.9525,0,0,0,0,-0.9525,0,0,0,0,0.9525,0,-0.2595,-0.1103,0.7481,1]},
{"frame":185,"values":[-0.919,0,0,0,0,-0.919,0,0,0,0,0.919,0,-0.2601,-0.107,0.7473,1]},
{"frame":186,"values":[-0.879,0,0,0,0,-0.879,0,0,0,0,0.879,0,-0.2607,-0.103,0.7463,1]},
{"frame":187,"values":[-0.8337,0,0,0,0,-0.8337,0,0,0,0,0.8337,0,-0.2614,-0.0985,0.7453,1]},
{"frame":188,"values":[-0.7844,0,0,0,0,-0.7844,0,0,0,0,0.7844,0,-0.2622,-0.0936,0.7441,1]},
{"frame":189,"values":[-0.7325,0,0,0,0,-0.7325,0,0,0,0,0.7325,0,-0.263,-0.0885,0.7428,1]},
{"frame":190,"values":[-0.6792,0,0,0,0,-0.6792,0,0,0,0,0.6792,0,-0.2638,-0.0832,0.7416,1]},
{"frame":191,"values":[-0.626,0,0,0,0,-0.626,0,0,0,0,0.626,0,-0.2647,-0.0779,0.7403,1]},
{"frame":192,"values":[-0.5741,0,0,0,0,-0.5741,0,0,0,0,0.5741,0,-0.2655,-0.0728,0.7391,1]},
{"frame":193,"values":[-0.5248,0,0,0,0,-0.5248,0,0,0,0,0.5248,0,-0.2663,-0.0679,0.7379,1]},
{"frame":194,"values":[-0.4795,0,0,0,0,-0.4795,0,0,0,0,0.4795,0,-0.267,-0.0634,0.7368,1]},
{"frame":195,"values":[-0.4394,0,0,0,0,-0.4394,0,0,0,0,0.4394,0,-0.2676,-0.0594,0.7359,1]},
{"frame":196,"values":[-0.406,0,0,0,0,-0.406,0,0,0,0,0.406,0,-0.2682,-0.0561,0.7351,1]},
{"frame":197,"values":[-0.3804,0,0,0,0,-0.3804,0,0,0,0,0.3804,0,-0.2686,-0.0536,0.7345,1]},
{"frame":198,"values":[-0.3642,0,0,0,0,-0.3642,0,0,0,0,0.3642,0,-0.2688,-0.052,0.7341,1]},
{"frame":199,"values":[-0.3584,0,0,0,0,-0.3584,0,0,0,0,0.3584,0,-0.2689,-0.0514,0.734,1]},
{"frame":200,"values":[-0.3584,0,0,0,0,-0.3584,0,0,0,0,0.3584,0,-0.2684,-0.0514,0.734,1]},
{"frame":201,"values":[-0.3584,0,0,0,0,-0.3584,0,0,0,0,0.3584,0,-0.2669,-0.0514,0.734,1]},
{"frame":202,"values":[-0.3584,0,0,0,0,-0.3584,0,0,0,0,0.3584,0,-0.2645,-0.0514,0.734,1]},
{"frame":203,"values":[-0.3584,0,0,0,0,-0.3584,0,0,0,0,0.3584,0,-0.2614,-0.0514,0.734,1]},
{"frame":204,"values":[-0.3584,0,0,0,0,-0.3584,0,0,0,0,0.3584,0,-0.2576,-0.0514,0.734,1]},
{"frame":205,"values":[-0.3584,0,0,0,0,-0.3584,0,0,0,0,0.3584,0,-0.2533,-0.0514,0.734,1]},
{"frame":206,"values":[-0.3584,0,0,0,0,-0.3584,0,0,0,0,0.3584,0,-0.2485,-0.0514,0.734,1]},
{"frame":207,"values":[-0.3584,0,0,0,0,-0.3584,0,0,0,0,0.3584,0,-0.2433,-0.0514,0.734,1]},
{"frame":208,"values":[-0.3584,0,0,0,0,-0.3584,0,0,0,0,0.3584,0,-0.2379,-0.0514,0.734,1]},
{"frame":209,"values":[-0.3584,0,0,0,0,-0.3584,0,0,0,0,0.3584,0,-0.2323,-0.0514,0.734,1]},
{"frame":210,"values":[-0.3584,0,0,0,0,-0.3584,0,0,0,0,0.3584,0,-0.2267,-0.0514,0.734,1]},
{"frame":211,"values":[-0.3584,0,0,0,0,-0.3584,0,0,0,0,0.3584,0,-0.2211,-0.0514,0.734,1]},
{"frame":212,"values":[-0.3584,0,0,0,0,-0.3584,0,0,0,0,0.3584,0,-0.2157,-0.0514,0.734,1]},
{"frame":213,"values":[-0.3584,0,0,0,0,-0.3584,0,0,0,0,0.3584,0,-0.2105,-0.0514,0.734,1]},
{"frame":214,"values":[-0.3584,0,0,0,0,-0.3584,0,0,0,0,0.3584,0,-0.2057,-0.0514,0.734,1]},
{"frame":215,"values":[-0.3584,0,0,0,0,-0.3584,0,0,0,0,0.3584,0,-0.2013,-0.0514,0.734,1]},
{"frame":216,"values":[-0.3584,0,0,0,0,-0.3584,0,0,0,0,0.3584,0,-0.1975,-0.0514,0.734,1]},
{"frame":217,"values":[-0.3584,0,0,0,0,-0.3584,0,0,0,0,0.3584,0,-0.1944,-0.0514,0.734,1]},
{"frame":218,"values":[-0.3584,0,0,0,0,-0.3584,0,0,0,0,0.3584,0,-0.1921,-0.0514,0.734,1]},
{"frame":219,"values":[-0.3584,0,0,0,0,-0.3584,0,0,0,0,0.3584,0,-0.1906,-0.0514,0.734,1]},
{"frame":220,"values":[-0.3584,0,0,0,0,-0.3584,0,0,0,0,0.3584,0,-0.19,-0.0514,0.734,1]},
{"frame":221,"values":[-0.3584,0,0,0,0,-0.3584,0,0,0,0,0.3584,0,-0.1904,-0.0514,0.734,1]},
{"frame":222,"values":[-0.3584,0,0,0,0,-0.3584,0,0,0,0,0.3584,0,-0.1912,-0.0514,0.734,1]},
{"frame":223,"values":[-0.3584,0,0,0,0,-0.3584,0,0,0,0,0.3584,0,-0.1926,-0.0514,0.734,1]},
{"frame":224,"values":[-0.3584,0,0,0,0,-0.3584,0,0,0,0,0.3584,0,-0.1945,-0.0514,0.734,1]},
{"frame":225,"values":[-0.3584,0,0,0,0,-0.3584,0,0,0,0,0.3584,0,-0.1967,-0.0514,0.734,1]},
{"frame":226,"values":[-0.3584,0,0,0,0,-0.3584,0,0,0,0,0.3584,0,-0.1992,-0.0514,0.734,1]},
{"frame":227,"values":[-0.3584,0,0,0,0,-0.3584,0,0,0,0,0.3584,0,-0.202,-0.0514,0.734,1]},
{"frame":228,"values":[-0.3584,0,0,0,0,-0.3584,0,0,0,0,0.3584,0,-0.205,-0.0514,0.734,1]},
{"frame":229,"values":[-0.3584,0,0,0,0,-0.3584,0,0,0,0,0.3584,0,-0.2081,-0.0514,0.734,1]},
{"frame":230,"values":[-0.3584,0,0,0,0,-0.3584,0,0,0,0,0.3584,0,-0.2113,-0.0514,0.734,1]},
{"frame":231,"values":[-0.3584,0,0,0,0,-0.3584,0,0,0,0,0.3584,0,-0.2145,-0.0514,0.734,1]},
{"frame":232,"values":[-0.3584,0,0,0,0,-0.3584,0,0,0,0,0.3584,0,-0.2176,-0.0514,0.734,1]},
{"frame":233,"values":[-0.3584,0,0,0,0,-0.3584,0,0,0,0,0.3584,0,-0.2206,-0.0514,0.734,1]},
{"frame":234,"values":[-0.3584,0,0,0,0,-0.3584,0,0,0,0,0.3584,0,-0.2234,-0.0514,0.734,1]},
{"frame":235,"values":[-0.3584,0,0,0,0,-0.3584,0,0,0,0,0.3584,0,-0.2259,-0.0514,0.734,1]},
{"frame":236,"values":[-0.3584,0,0,0,0,-0.3584,0,0,0,0,0.3584,0,-0.2281,-0.0514,0.734,1]},
{"frame":237,"values":[-0.3584,0,0,0,0,-0.3584,0,0,0,0,0.3584,0,-0.23,-0.0514,0.734,1]},
{"frame":238,"values":[-0.3584,0,0,0,0,-0.3584,0,0,0,0,0.3584,0,-0.2314,-0.0514,0.734,1]},
{"frame":239,"values":[-0.3584,0,0,0,0,-0.3584,0,0,0,0,0.3584,0,-0.2323,-0.0514,0.734,1]},
{"frame":240,"values":[-0.3584,0,0,0,0,-0.3584,0,0,0,0,0.3584,0,-0.2326,-0.0514,0.734,1]},
{"frame":251,"values":[-1,0,0,0,0,-1,0,0,0,0,1,0,-0.2326,-0.0514,0.734,1]},
{"frame":252,"values":[-1,0,0,0,0,-1,0,0,0,0,1,0,-0.2329,-0.0514,0.7339,1]},
{"frame":253,"values":[-1,0,0,0,0,-1,0,0,0,0,1,0,-0.234,-0.0514,0.7337,1]},
{"frame":254,"values":[-1,0,0,0,0,-1,0,0,0,0,1,0,-0.2356,-0.0514,0.7333,1]},
{"frame":255,"values":[-1,0,0,0,0,-1,0,0,0,0,1,0,-0.2376,-0.0514,0.7329,1]},
{"frame":256,"values":[-1,0,0,0,0,-1,0,0,0,0,1,0,-0.2399,-0.0514,0.7325,1]},
{"frame":257,"values":[-1,0,0,0,0,-1,0,0,0,0,1,0,-0.2424,-0.0514,0.732,1]},
{"frame":258,"values":[-1,0,0,0,0,-1,0,0,0,0,1,0,-0.245,-0.0514,0.7316,1]},
{"frame":259,"values":[-1,0,0,0,0,-1,0,0,0,0,1,0,-0.2475,-0.0514,0.7313,1]},
{"frame":260,"values":[-1,0,0,0,0,-1,0,0,0,0,1,0,-0.2498,-0.0514,0.731,1]},
{"frame":261,"values":[-1,0,0,0,0,-1,0,0,0,0,1,0,-0.2518,-0.0511,0.7309,1]},
{"frame":262,"values":[-1,0,0,0,0,-1,0,0,0,0,1,0,-0.2536,-0.0501,0.7307,1]},
{"frame":263,"values":[-1,0,0,0,0,-1,0,0,0,0,1,0,-0.2551,-0.0486,0.7306,1]},
{"frame":264,"values":[-1,0,0,0,0,-1,0,0,0,0,1,0,-0.2563,-0.0466,0.7306,1]},
{"frame":265,"values":[-1,0,0,0,0,-1,0,0,0,0,1,0,-0.2573,-0.0441,0.7305,1]},
{"frame":266,"values":[-1,0,0,0,0,-1,0,0,0,0,1,0,-0.258,-0.0413,0.7305,1]},
{"frame":267,"values":[-1,0,0,0,0,-1,0,0,0,0,1,0,-0.2585,-0.0383,0.7305,1]},
{"frame":268,"values":[-1,0,0,0,0,-1,0,0,0,0,1,0,-0.2588,-0.035,0.7305,1]},
{"frame":269,"values":[-1,0,0,0,0,-1,0,0,0,0,1,0,-0.2589,-0.0316,0.7305,1]},
{"frame":270,"values":[-1,0,0,0,0,-1,0,0,0,0,1,0,-0.2585,-0.0281,0.7306,1]},
{"frame":271,"values":[-1,0,0,0,0,-1,0,0,0,0,1,0,-0.2575,-0.0247,0.731,1]},
{"frame":272,"values":[-1,0,0,0,0,-1,0,0,0,0,1,0,-0.2559,-0.0213,0.7317,1]},
{"frame":273,"values":[-1,0,0,0,0,-1,0,0,0,0,1,0,-0.2538,-0.018,0.7325,1]},
{"frame":274,"values":[-1,0,0,0,0,-1,0,0,0,0,1,0,-0.2511,-0.0149,0.7334,1]},
{"frame":275,"values":[-1,0,0,0,0,-1,0,0,0,0,1,0,-0.248,-0.0122,0.7343,1]},
{"frame":276,"values":[-1,0,0,0,0,-1,0,0,0,0,1,0,-0.2444,-0.0097,0.7351,1]},
{"frame":277,"values":[-1,0,0,0,0,-1,0,0,0,0,1,0,-0.2404,-0.0077,0.7359,1]},
{"frame":278,"values":[-1,0,0,0,0,-1,0,0,0,0,1,0,-0.2361,-0.0062,0.7366,1]},
{"frame":279,"values":[-1,0,0,0,0,-1,0,0,0,0,1,0,-0.2315,-0.0052,0.737,1]},
{"frame":280,"values":[-1,0,0,0,0,-1,0,0,0,0,1,0,-0.2267,-0.0049,0.7372,1]},
{"frame":281,"values":[-1,0,0,0,0,-1,0,0,0,0,1,0,-0.2216,-0.0062,0.7371,1]},
{"frame":282,"values":[-1,0,0,0,0,-1,0,0,0,0,1,0,-0.2165,-0.0097,0.7368,1]},
{"frame":283,"values":[-1,0,0,0,0,-1,0,0,0,0,1,0,-0.2114,-0.0149,0.7365,1]},
{"frame":284,"values":[-1,0,0,0,0,-1,0,0,0,0,1,0,-0.2066,-0.0213,0.736,1]},
{"frame":285,"values":[-1,0,0,0,0,-1,0,0,0,0,1,0,-0.2021,-0.0281,0.7356,1]},
{"frame":286,"values":[-1,0,0,0,0,-1,0,0,0,0,1,0,-0.1982,-0.035,0.7351,1]},
{"frame":287,"values":[-1,0,0,0,0,-1,0,0,0,0,1,0,-0.1948,-0.0413,0.7347,1]},
{"frame":288,"values":[-1,0,0,0,0,-1,0,0,0,0,1,0,-0.1923,-0.0466,0.7343,1]},
{"frame":289,"values":[-1,0,0,0,0,-1,0,0,0,0,1,0,-0.1906,-0.0501,0.7341,1]},
{"frame":290,"values":[-1,0,0,0,0,-1,0,0,0,0,1,0,-0.19,-0.0514,0.734,1]},
{"frame":291,"values":[-1,0,0,0,0,-1,0,0,0,0,1,0,-0.1904,-0.0514,0.734,1]},
{"frame":292,"values":[-1,0,0,0,0,-1,0,0,0,0,1,0,-0.1912,-0.0514,0.734,1]},
{"frame":293,"values":[-1,0,0,0,0,-1,0,0,0,0,1,0,-0.1926,-0.0514,0.734,1]},
{"frame":294,"values":[-1,0,0,0,0,-1,0,0,0,0,1,0,-0.1945,-0.0514,0.734,1]},
{"frame":295,"values":[-1,0,0,0,0,-1,0,0,0,0,1,0,-0.1967,-0.0514,0.734,1]},
{"frame":296,"values":[-1,0,0,0,0,-1,0,0,0,0,1,0,-0.1992,-0.0514,0.734,1]},
{"frame":297,"values":[-1,0,0,0,0,-1,0,0,0,0,1,0,-0.202,-0.0514,0.734,1]},
{"frame":298,"values":[-1,0,0,0,0,-1,0,0,0,0,1,0,-0.205,-0.0514,0.734,1]},
{"frame":299,"values":[-1,0,0,0,0,-1,0,0,0,0,1,0,-0.2081,-0.0514,0.734,1]},
{"frame":300,"values":[-1,0,0,0,0,-1,0,0,0,0,1,0,-0.2113,-0.0514,0.734,1]},
{"frame":301,"values":[-1,0,0,0,0,-1,0,0,0,0,1,0,-0.2145,-0.0514,0.734,1]},
{"frame":302,"values":[-1,0,0,0,0,-1,0,0,0,0,1,0,-0.2176,-0.0514,0.734,1]},
{"frame":303,"values":[-1,0,0,0,0,-1,0,0,0,0,1,0,-0.2206,-0.0514,0.734,1]},
{"frame":304,"values":[-1,0,0,0,0,-1,0,0,0,0,1,0,-0.2234,-0.0514,0.734,1]},
{"frame":305,"values":[-1,0,0,0,0,-1,0,0,0,0,1,0,-0.2259,-0.0514,0.734,1]},
{"frame":306,"values":[-1,0,0,0,0,-1,0,0,0,0,1,0,-0.2281,-0.0514,0.734,1]},
{"frame":307,"values":[-1,0,0,0,0,-1,0,0,0,0,1,0,-0.23,-0.0514,0.734,1]},
{"frame":308,"values":[-1,0,0,0,0,-1,0,0,0,0,1,0,-0.2314,-0.0514,0.734,1]},
{"frame":309,"values":[-1,0,0,0,0,-1,0,0,0,0,1,0,-0.2323,-0.0514,0.734,1]},
{"frame":310,"values":[-1,0,0,0,0,-1,0,0,0,0,1,0,-0.2326,-0.0514,0.734,1]},
{"frame":321,"values":[-1,0,0,0,0,-1,0,0,0,0,1,0,-0.2588,-0.1581,0.8891,1]},
{"frame":322,"values":[-1,0,0,0,0,-1,0,0,0,0,1,0,-0.2588,-0.1577,0.8585,1]},
{"frame":323,"values":[-1,0,0,0,0,-1,0,0,0,0,1,0,-0.2588,-0.155,0.828,1]},
{"frame":324,"values":[-1,0,0,0,0,-1,0,0,0,0,1,0,-0.2588,-0.0308,0.8415,1]},
{"frame":325,"values":[-1,0,0,0,0,-1,0,0,0,0,1,0,-0.2588,0.1846,0.8825,1]},
{"frame":326,"values":[-1,0,0,0,0,-1,0,0,0,0,1,0,-0.2107,0.3127,0.9423,1]},
{"frame":327,"values":[-1,0,0,0,0,-1,0,0,0,0,1,0,-0.1626,0.3472,0.9745,1]},
{"frame":328,"values":[-1,0,0,0,0,-1,0,0,0,0,1,0,-0.1998,0.31,0.9733,1]},
{"frame":329,"values":[-1,0,0,0,0,-1,0,0,0,0,1,0,-0.237,0.2558,0.9645,1]},
{"frame":330,"values":[-1,0,0,0,0,-1,0,0,0,0,1,0,-0.237,0.2403,0.9038,1]},
